60
-1 11000 0 0
5 352 0 0
14 5265 2 0 7 0
52 847 0 0
99 4043 2 0 77 4
22 3005 1 0 4 7
51 3489 1 0 1 0
48 387 0 0
19 358 0 0
83 3246 1 0 4 5
3 841 0 0
44 3151 1 0 4 4
35 240 0 0
80 2659 1 0 1 9
4 2072 1 0 0 6
89 4457 2 0 65 8
62 2155 1 0 1 2
59 2013 1 0 3 5
72 521 0 0
73 139 0 0
53 5163 2 0 69 5
71 2449 1 0 0 5
20 2405 1 0 1 0
83 3237 1 0 1 2
17 4117 2 0 52 5
37 71 0 0
9 2530 1 0 3 6
3 144 0 0
74 5065 2 0 9 2
81 940 0 0
99 5804 2 0 62 9
26 4319 2 0 89 3
85 3526 1 0 2 0
91 3118 1 0 4 8
79 4837 2 0 52 3
87 2207 1 0 1 1
53 626 0 0
8 5584 2 0 0 5
91 4771 2 0 42 0
31 670 0 0
21 3231 1 0 1 8
31 3681 1 0 3 4
32 523 0 0
66 4078 2 0 64 2
88 2426 1 0 1 4
14 845 0 0
56 4477 2 0 98 7
65 2589 1 0 1 1
7 5267 2 0 57 6
52 3334 1 0 4 8
47 2184 1 0 1 0
16 3047 1 0 3 7
80 5892 2 0 57 3
66 958 0 0
42 4425 2 0 49 2
97 320 0 0
14 3248 1 0 1 2
40 4750 2 0 40 9
38 5374 2 0 0 7
31 1095 0 0
